LLWearable version 22
Riley Teen Shape

	permissions 0
	{
		base_mask	7fffffff
		owner_mask	7fffffff
		group_mask	00000000
		everyone_mask	00000000
		next_owner_mask	0008c000
		creator_id	a32da6e3-4fe1-4484-aee5-f0e2d4a4ee21
		owner_id	a32da6e3-4fe1-4484-aee5-f0e2d4a4ee21
		last_owner_id	a32da6e3-4fe1-4484-aee5-f0e2d4a4ee21
		group_id	00000000-0000-0000-0000-000000000000
	}
	sale_info	0
	{
		sale_type	not
		sale_price	10
	}
type 0
parameters 82
1 0
2 -.37
4 0
5 -.1
6 0
7 -.1
8 -.28
10 .48
11 0
12 .4
13 0
14 .6
15 0
17 .31
18 -.82
19 0
20 0
21 .02
22 0
23 -.5
24 .5
25 .53
27 0
33 -.54
34 -.61
35 0
36 -.58
37 -.86
38 -.2
80 0
105 .2
155 -.5
157 0
185 -.36
193 .48
196 -1.01
505 .54
506 -.28
507 -.76
515 -1
517 0
518 .6
629 .5
637 0
646 0
647 -.37
649 .32
650 -.35
652 .41
653 .14
656 0
659 .49
662 .5
663 0
664 0
665 -.2
675 -.13
676 -.28
678 .5
682 .39
683 -.17
684 0
685 0
690 .51
692 -.22
693 -.48
753 .55
756 -.14
758 0
759 .5
760 .82
764 -.01
765 -.3
769 .49
773 .5
795 .27
796 0
799 .47
841 0
842 -.44
879 0
880 -1.05
textures 0
