LLWearable version 22
Ally Teen Girl Shape (explosed teeth)

	permissions 0
	{
		base_mask	7fffffff
		owner_mask	7fffffff
		group_mask	00000000
		everyone_mask	00000000
		next_owner_mask	0008c000
		creator_id	a32da6e3-4fe1-4484-aee5-f0e2d4a4ee21
		owner_id	a32da6e3-4fe1-4484-aee5-f0e2d4a4ee21
		last_owner_id	a32da6e3-4fe1-4484-aee5-f0e2d4a4ee21
		group_id	00000000-0000-0000-0000-000000000000
	}
	sale_info	0
	{
		sale_type	not
		sale_price	10
	}
type 0
parameters 82
1 -.3
2 -.47
4 -.09
5 0
6 .01
7 -.17
8 0
10 .21
11 .04
12 0
13 0
14 1
15 0
17 -.26
18 .9
19 -.08
20 -.12
21 -.2
22 0
23 .26
24 .22
25 .12
27 -.62
33 -.28
34 -.48
35 0
36 -.97
37 -.8
38 -.22
80 0
105 .24
155 -.46
157 0
185 -.5
193 .71
196 -.71
505 .31
506 -.12
507 -.63
515 -1
517 -.09
518 .06
629 .73
637 0
646 .13
647 -.05
649 .37
650 .13
652 .43
653 .26
656 0
659 .52
662 .5
663 0
664 0
665 .4
675 -.18
676 -.61
678 .5
682 .44
683 -.22
684 0
685 0
690 .35
692 -.26
693 -.28
753 -.01
756 -.16
758 -.21
759 -.03
760 .27
764 .37
765 0
769 .51
773 .48
795 .25
796 0
799 .35
841 0
842 -.36
879 0
880 -.65
textures 0
