LLWearable version 22
Brad Teen Boy Shape

	permissions 0
	{
		base_mask	7fffffff
		owner_mask	7fffffff
		group_mask	00000000
		everyone_mask	00000000
		next_owner_mask	0008c000
		creator_id	a32da6e3-4fe1-4484-aee5-f0e2d4a4ee21
		owner_id	a32da6e3-4fe1-4484-aee5-f0e2d4a4ee21
		last_owner_id	a32da6e3-4fe1-4484-aee5-f0e2d4a4ee21
		group_id	00000000-0000-0000-0000-000000000000
	}
	sale_info	0
	{
		sale_type	not
		sale_price	10
	}
type 0
parameters 82
1 -.3
2 -.37
4 0
5 .52
6 -.13
7 .05
8 0
10 .48
11 -.3
12 0
13 0
14 0
15 0
17 -.5
18 .14
19 .08
20 -.36
21 -.08
22 0
23 -.24
24 0
25 -.64
27 0
33 -.06
34 -.48
35 .17
36 -1.8
37 -.44
38 -.32
80 1
105 .5
155 -.72
157 0
185 .1
193 .67
196 0
505 .48
506 0
507 0
515 -.88
517 .12
518 0
629 .47
637 0
646 -.13
647 -.5
649 .5
650 0
652 .38
653 .32
656 0
659 .46
662 .5
663 0
664 0
665 .08
675 -.16
676 0
678 .27
682 .51
683 -.21
684 0
685 .48
690 .5
692 -.08
693 -.48
753 -.5
756 -.4
758 0
759 .5
760 .4
764 .44
765 -.16
769 .5
773 .36
795 .26
796 0
799 .6
841 0
842 -.02
879 -.17
880 0
textures 0
